40 36 26.50 N	75 29 29.30 W
40 35 57.30 N	75 28 55.70 W
40 37 02.70 N	75 29 45.90 W
40 36 03.80 N	75 28 32.40 W
40 35 09.40 N	75 27 38.40 W
40 35 49.40 N	75 31 28.50 W
40 35 54.80 N	75 31 39.60 W
40 34 20.70 N	75 28 40.40 W
40 34 52.00 N	75 31 26.50 W
40 33 35.20 N	75 29 16.10 W
40 35 09.00 N	75 27 38.00 W
40 34 35.00 N	75 31 42.00 W
40 34 32.00 N	75 31 48.00 W
40 33 44.50 N	75 29 06.00 W
40 35 31.00 N	75 32 30.00 W
40 34 29.00 N	75 31 58.00 W
40 35 36.00 N	75 32 43.50 W
40 33 24.00 N	75 29 23.00 W
40 34 18.00 N	75 32 35.00 W
40 36 40.50 N	75 33 53.60 W
40 38 17.00 N	75 26 01.00 W
40 38 25.00 N	75 26 06.00 W
40 38 14.00 N	75 26 02.00 W
40 35 31.00 N	75 35 16.00 W
40 39 07.00 N	75 26 04.00 W
40 33 23.00 N	75 34 51.00 W
40 34 47.00 N	75 37 14.00 W
40 34 42.00 N	75 37 18.00 W
40 34 38.00 N	75 37 32.00 W
40 35 03.00 N	75 37 31.00 W
40 36 32.00 N	75 22 41.00 W
40 36 33.00 N	75 23 08.00 W
40 34 49.20 N	75 23 28.00 W
40 37 06.00 N	75 22 44.00 W
40 37 10.00 N	75 22 54.50 W
40 37 23.00 N	75 22 41.70 W
40 38 38.00 N	75 20 45.50 W
40 38 41.00 N	75 25 28.00 W
40 38 40.00 N	75 25 31.00 W
40 39 39.00 N	75 22 55.50 W
40 39 25.00 N	75 24 59.00 W
40 39 24.00 N	75 25 05.00 W
40 39 23.00 N	75 25 09.00 W
40 39 57.00 N	75 22 54.00 W
40 39 56.00 N	75 23 20.00 W
40 40 32.00 N	75 20 41.00 W
40 34 33.50 N	75 37 23.10 W
40 55 19.70 N	75 23 59.80 W
40 33 32.90 N	75 24 43.10 W
40 32 09.50 N	75 23 18.60 W
40 15 56.70 N	75 13 36.00 W
40 11 05.70 N	75 27 04.20 W
40 09 33.80 N	75 28 23.80 W
40 31 04.40 N	75 23 11.70 W
40 15 33.30 N	75 43 42.30 W
40 16 25.70 N	75 07 37.80 W
40 18 36.60 N	75 07 51.00 W
40 18 37.40 N	75 07 49.90 W
40 19 15.00 N	75 07 50.90 W
40 19 18.40 N	75 07 51.20 W
40 19 21.70 N	75 07 48.00 W
40 19 23.50 N	75 07 48.50 W
40 19 30.00 N	75 07 46.00 W
40 41 01.00 N	75 15 23.00 W
40 39 16.30 N	75 17 10.00 W
40 41 26.00 N	75 15 01.00 W
40 41 18.80 N	75 15 10.00 W
40 39 19.00 N	75 17 13.00 W
40 41 13.70 N	75 12 33.50 W
40 41 37.40 N	75 12 32.50 W
40 42 35.00 N	75 16 50.50 W
40 42 55.80 N	75 17 06.80 W
40 42 58.60 N	75 17 02.70 W
40 42 47.00 N	75 13 20.00 W
40 31 44.40 N	75 30 23.80 W
40 32 11.10 N	75 29 22.00 W
40 24 04.80 N	75 51 34.20 W
40 34 55.30 N	75 37 39.60 W
40 19 35.40 N	75 37 11.90 W
40 33 42.40 N	75 59 58.20 W
40 33 45.40 N	76 00 20.30 W
40 16 00.50 N	75 22 35.10 W
40 17 17.40 N	75 15 56.50 W
40 35 37.50 N	75 20 18.00 W
40 34 02.20 N	75 20 24.40 W
40 14 41.30 N	75 20 33.00 W
40 13 56.00 N	75 17 00.00 W
40 14 11.00 N	75 17 18.00 W
40 13 47.00 N	75 18 48.00 W
40 14 51.50 N	75 17 39.50 W
40 26 35.10 N	75 57 14.10 W
40 50 12.50 N	75 41 08.50 W
40 48 53.10 N	75 44 04.00 W
40 31 13.00 N	75 34 11.00 W
40 31 31.50 N	75 32 55.30 W
40 14 44.50 N	75 14 38.60 W
40 15 16.30 N	75 14 54.50 W
40 52 18.20 N	75 03 27.50 W
40 42 55.00 N	75 17 17.00 W
40 43 05.90 N	75 17 19.90 W
40 51 40.20 N	75 49 07.10 W
40 17 47.00 N	75 11 20.70 W
40 39 33.80 N	75 41 31.20 W
40 12 42.00 N	75 16 39.80 W
40 14 06.40 N	75 14 41.50 W
40 14 01.70 N	75 14 40.40 W
40 13 58.00 N	75 14 28.80 W
40 14 06.40 N	75 14 41.00 W
40 14 19.20 N	75 14 23.40 W
40 13 46.00 N	75 14 18.00 W
40 12 37.00 N	75 13 37.00 W
40 12 34.50 N	75 13 27.50 W
40 12 31.00 N	75 13 38.00 W
40 12 36.50 N	75 13 22.00 W
40 23 34.90 N	75 30 06.90 W
40 21 51.40 N	75 17 52.00 W
40 23 54.20 N	75 16 14.90 W
40 23 10.30 N	75 08 45.20 W
40 14 34.70 N	75 37 10.80 W
40 14 01.60 N	75 37 12.50 W
40 14 11.30 N	75 34 14.50 W
40 15 09.70 N	75 39 35.00 W
40 15 19.30 N	75 39 34.00 W
40 26 49.40 N	75 21 40.20 W
40 26 38.70 N	75 21 33.70 W
40 26 35.80 N	75 21 22.70 W
40 27 36.40 N	75 22 09.60 W
40 26 10.40 N	75 25 02.90 W
40 26 02.70 N	75 25 04.80 W
40 21 02.30 N	75 55 10.00 W
40 22 08.00 N	75 55 41.70 W
40 22 13.70 N	75 55 41.40 W
40 20 08.40 N	75 55 39.80 W
40 20 06.80 N	75 55 51.00 W
40 21 57.00 N	75 57 18.50 W
40 20 00.60 N	75 55 41.70 W
40 23 50.70 N	75 55 44.40 W
40 23 05.70 N	75 55 35.30 W
40 22 23.00 N	75 57 58.00 W
40 19 14.00 N	75 56 04.00 W
40 21 27.00 N	75 59 01.00 W
40 18 15.50 N	75 51 27.00 W
40 11 40.50 N	75 32 01.00 W
40 11 54.00 N	75 31 33.50 W
40 40 41.30 N	75 36 41.40 W
40 39 39.00 N	75 35 57.00 W
40 18 11.40 N	75 59 07.30 W
40 19 30.00 N	76 01 00.00 W
40 18 58.70 N	75 18 32.00 W
40 19 38.30 N	75 52 51.60 W
40 19 47.00 N	75 19 57.30 W
40 24 57.30 N	75 55 18.70 W
40 33 04.60 N	75 35 38.20 W
40 45 26.60 N	75 35 40.00 W
40 13 12.60 N	75 08 26.20 W
40 13 52.30 N	75 08 10.80 W
40 13 00.00 N	75 08 25.50 W
40 15 50.00 N	75 07 56.40 W
40 20 04.00 N	75 56 35.00 W
40 20 09.60 N	75 56 48.00 W
40 38 16.90 N	75 29 25.00 W
40 38 43.50 N	75 29 33.60 W
40 37 49.80 N	75 28 51.80 W
40 37 47.90 N	75 28 49.10 W
40 37 49.40 N	75 28 49.40 W
40 38 10.00 N	75 29 13.80 W
40 50 09.80 N	75 17 49.30 W
40 20 12.00 N	75 57 25.50 W
40 20 11.80 N	75 57 15.30 W
40 20 27.70 N	75 58 13.00 W
40 20 24.00 N	75 58 40.40 W
40 20 47.00 N	75 57 45.00 W
40 20 50.00 N	75 58 22.00 W
40 21 42.00 N	75 59 18.00 W
40 21 22.00 N	75 58 58.00 W
40 21 27.00 N	75 58 45.60 W
-1